Time,S2_Raw,S3_Raw,S4_Raw,Chord3,Diameter
74,1096,924,1140,0,0.00
104,1120,952,1144,0,0.00
134,1112,924,1132,0,0.00
164,1116,968,1168,0,0.00
194,1116,1052,1168,0,0.00
225,1276,1372,1192,0,0.00
257,1664,2052,1352,0,0.00
287,2244,2364,1812,0,0.00
318,2660,2424,2296,0,0.00
349,2700,2444,2532,0,0.00
378,2788,2432,2488,0,0.00
408,2600,2384,2272,0,0.00
437,2324,2192,1920,0,0.00
466,1584,1552,1500,0,0.00
494,1176,1052,1200,27,28.88
524,1124,964,1152,0,0.00
555,1096,928,1148,0,0.00
584,1080,952,1168,0,0.00
614,1148,980,1140,0,0.00
645,1244,1276,1208,0,0.00
676,1604,1984,1364,0,0.00
707,2248,2296,1868,0,0.00
738,2632,2416,2456,0,0.00
770,2828,2516,2756,0,0.00
799,2848,2468,2840,0,0.00
829,2812,2436,2700,0,0.00
859,2748,2388,2408,0,0.00
888,2404,2144,1872,0,0.00
916,1600,1488,1444,0,0.00
945,1200,1056,1208,28,31.29
975,1128,976,1160,0,0.00
1005,1128,956,1164,0,0.00
1035,1120,992,1148,0,0.00
1067,1284,1296,1216,0,0.00
1097,1700,1980,1376,0,0.00
1129,2468,2284,1868,0,0.00
1159,2712,2440,2508,0,0.00
1190,2768,2540,2848,0,0.00
1220,2804,2484,2900,0,0.00
1250,2892,2432,2892,0,0.00
1281,2740,2512,2788,0,0.00
1309,2756,2432,2424,0,0.00
1339,2544,2196,1944,0,0.00
1368,1744,1520,1464,0,0.00
1395,1160,992,1164,30,33.10
1425,1072,904,1096,0,0.00
1455,1076,940,1092,0,0.00
1485,1212,1168,1136,0,0.00
1516,1592,1872,1276,0,0.00
1548,2316,2304,1808,0,0.00
1581,2704,2380,2564,0,0.00
1610,2788,2544,2868,0,0.00
1640,2876,2552,2984,0,0.00
1671,2900,2616,2968,0,0.00
1701,2884,2592,2988,0,0.00
1731,2900,2464,2916,0,0.00
1760,2828,2416,2632,0,0.00
1791,2576,2144,2016,0,0.00
1818,1796,1548,1524,0,0.00
1846,1280,1084,1212,34,36.03
1877,1140,980,1204,0,0.00
1907,1248,1136,1184,0,0.00
1938,1604,1804,1284,0,0.00
1969,2384,2236,1684,0,0.00
2000,2712,2384,2500,0,0.00
2031,2740,2448,2808,0,0.00
2061,2808,2524,2884,0,0.00
2092,2796,2536,2936,0,0.00
2121,2828,2572,3012,0,0.00
2151,2800,2568,3012,0,0.00
2182,2848,2528,2948,0,0.00
2211,2844,2520,2684,0,0.00
2240,2744,2260,2068,0,0.00
2268,2116,1636,1592,0,0.00
2296,1356,1108,1252,36,39.07
2327,1224,1112,1236,0,0.00
2357,1508,1564,1260,0,0.00
2390,2296,2312,1592,0,0.00
2420,2688,2420,2336,0,0.00
2451,2880,2560,2908,0,0.00
2482,2900,2604,3152,0,0.00
2512,2924,2628,3148,0,0.00
2543,2924,2672,3164,0,0.00
2572,2968,2652,3240,0,0.00
2604,2924,2588,3148,0,0.00
2632,2876,2556,3076,0,0.00
2662,2808,2464,2744,0,0.00
2692,2624,2200,2092,0,0.00
2719,2092,1560,1492,0,0.00
2747,1312,1040,1168,40,44.00
2777,1084,928,1124,0,0.00
2807,1072,920,1112,0,0.00
2837,1088,924,1068,0,0.00
2867,1056,896,1072,0,0.00
2897,1056,908,1076,0,0.00
2927,1084,928,1092,0,0.00
2957,1080,916,1108,0,0.00
2988,1088,988,1140,0,0.00
3017,1084,944,1124,0,0.00
3047,1120,928,1148,0,0.00
