Time,S2_Raw,S3_Raw,S4_Raw,Chord3,Diameter
74,1124,1020,1168,0,0.00
104,1120,1060,1164,0,0.00
134,1196,1168,1208,0,0.00
165,1364,1640,1252,0,0.00
196,1672,2176,1508,0,0.00
227,2168,2416,2044,0,0.00
259,2540,2468,2544,0,0.00
288,2644,2448,2772,0,0.00
318,2680,2424,2672,0,0.00
348,2560,2348,2444,0,0.00
377,2192,2164,1948,0,0.00
406,1504,1612,1548,0,0.00
434,1180,1108,1248,26,28.99
464,1128,980,1180,0,0.00
494,1096,964,1164,0,0.00
524,1092,928,1132,0,0.00
555,1092,992,1160,0,0.00
585,1228,1248,1192,0,0.00
616,1592,1980,1336,0,0.00
647,2292,2348,1760,0,0.00
678,2696,2452,2340,0,0.00
709,2788,2544,2708,0,0.00
739,2872,2476,2808,0,0.00
769,2760,2480,2696,0,0.00
798,2692,2432,2344,0,0.00
827,2424,2172,1888,0,0.00
857,1680,1552,1492,0,0.00
885,1200,1040,1216,28,31.29
915,1112,944,1156,0,0.00
945,1108,952,1168,0,0.00
975,1140,996,1172,0,0.00
1006,1280,1216,1200,0,0.00
1036,1740,1816,1308,0,0.00
1069,2492,2292,1556,0,0.00
1099,2756,2416,2076,0,0.00
1129,2780,2432,2444,0,0.00
1160,2812,2532,2644,0,0.00
1190,2816,2488,2712,0,0.00
1220,2828,2496,2556,0,0.00
1249,2728,2384,2176,0,0.00
1279,2608,2144,1776,0,0.00
1307,1948,1488,1364,0,0.00
1335,1240,1024,1120,31,34.01
1366,1072,928,1108,0,0.00
1395,1080,920,1092,0,0.00
1425,1228,1080,1148,0,0.00
1456,1672,1668,1184,0,0.00
1488,2476,2204,1376,0,0.00
1519,2716,2412,1840,0,0.00
1550,2804,2540,2380,0,0.00
1581,2856,2528,2756,0,0.00
1610,2924,2584,2884,0,0.00
1640,2868,2640,2788,0,0.00
1670,2880,2512,2524,0,0.00
1700,2804,2456,2092,0,0.00
1729,2660,2108,1728,0,0.00
1758,2132,1496,1364,0,0.00
1787,1408,1048,1228,34,37.19
1816,1136,956,1180,0,0.00
1846,1240,1020,1176,0,0.00
1878,1716,1496,1212,0,0.00
1909,2532,2116,1268,0,0.00
1939,2748,2340,1512,0,0.00
1970,2712,2448,2004,0,0.00
2000,2780,2492,2420,0,0.00
2031,2828,2576,2688,0,0.00
2061,2876,2536,2688,0,0.00
2092,2908,2572,2532,0,0.00
2121,2928,2568,2288,0,0.00
2150,2948,2568,1880,0,0.00
2180,2808,2004,1540,0,0.00
2208,2280,1460,1300,0,0.00
2237,1516,1080,1240,37,40.00
2266,1280,1016,1204,0,0.00
2297,1684,1304,1232,0,0.00
2328,2536,1908,1260,0,0.00
2359,2736,2264,1376,0,0.00
2391,2880,2448,1756,0,0.00
2420,2940,2700,2284,0,0.00
2452,3028,2768,2856,0,0.00
2482,3080,2796,2880,0,0.00
2513,3092,2736,2832,0,0.00
2542,3048,2644,2536,0,0.00
2571,2992,2564,2200,0,0.00
2602,2928,2352,1828,0,0.00
2630,2788,1828,1436,0,0.00
2659,2236,1304,1248,0,0.00
2689,1492,992,1192,40,43.00
2717,1108,928,1128,0,0.00
2747,1076,908,1116,0,0.00
2777,1076,928,1148,0,0.00
2807,1072,920,1100,0,0.00
2837,1096,932,1112,0,0.00
2867,1096,952,1112,0,0.00
2897,1076,956,1152,0,0.00
2927,1128,956,1124,0,0.00
2957,1108,960,1168,0,0.00
2988,1128,936,1144,0,0.00
3017,1108,944,1148,0,0.00
3047,1108,932,1144,0,0.00

