Time(ms),Pos(mm),Raw_ADC,Raw_Dig,Gray_True,Gray_ADC,Gray_Dig
73,0.00,589,980,255.00,157.00,220.00
92,0.26,523,980,254.70,230.00,220.00
112,1.05,531,980,253.78,221.00,220.00
132,1.97,525,980,252.71,228.00,220.00
153,3.42,523,988,251.04,230.00,220.00
172,4.73,522,976,249.51,231.00,220.00
192,6.58,520,980,247.38,233.00,220.00
213,8.42,521,972,245.24,232.00,220.00
233,10.39,521,964,242.96,232.00,221.00
253,12.36,525,976,240.67,228.00,220.00
273,14.34,518,952,238.38,236.00,221.00
293,16.44,523,960,235.94,230.00,221.00
313,18.41,524,968,233.66,229.00,221.00
333,20.52,530,960,231.22,222.00,221.00
353,22.49,526,980,228.93,227.00,220.00
374,24.46,528,980,226.65,224.00,220.00
393,26.44,545,1004,224.36,206.00,219.00
413,28.54,534,1032,221.92,218.00,218.00
433,30.51,546,1048,219.63,204.00,217.00
453,32.62,550,1064,217.19,200.00,216.00
474,34.72,545,1096,214.75,206.00,215.00
494,36.83,555,1104,212.32,195.00,214.00
514,38.80,548,1124,210.03,202.00,213.00
533,41.03,552,1148,207.44,198.00,212.00
554,43.01,554,1156,205.15,196.00,212.00
573,45.11,559,1176,202.71,190.00,211.00
593,47.22,560,1200,200.27,189.00,210.00
614,49.19,564,1232,197.99,185.00,209.00
634,51.29,569,1264,195.55,179.00,207.00
654,53.40,572,1312,193.11,176.00,205.00
673,55.50,574,1348,190.67,173.00,203.00
694,57.47,594,1400,188.38,151.00,201.00
714,59.71,583,1440,185.79,163.00,199.00
734,61.68,599,1468,183.50,146.00,198.00
754,63.79,593,1524,181.06,152.00,195.00
774,65.89,595,1552,178.63,150.00,194.00
794,68.00,598,1600,176.19,147.00,192.00
814,70.10,602,1652,173.75,142.00,189.00
834,72.20,602,1688,171.31,142.00,188.00
854,74.31,619,1728,168.87,124.00,186.00
874,76.41,609,1764,166.43,135.00,184.00
895,78.65,610,1796,163.84,134.00,183.00
914,80.75,617,1856,161.40,126.00,180.00
934,82.73,639,1936,159.11,101.00,176.00
955,84.83,623,1992,156.67,119.00,174.00
974,86.93,626,2040,154.23,116.00,172.00
994,88.91,626,2100,151.95,116.00,169.00
1014,90.88,651,2156,149.66,88.00,166.00
1035,92.85,632,2200,147.37,109.00,164.00
1055,94.96,630,2252,144.94,111.00,162.00
1075,97.06,635,2300,142.50,106.00,160.00
1095,99.17,639,2352,140.06,101.00,158.00
1115,101.14,654,2412,137.77,85.00,155.00
1135,103.24,652,2468,135.33,87.00,152.00
1155,105.22,642,2504,133.04,98.00,151.00
1175,107.32,643,2512,130.61,97.00,150.00
1196,109.43,646,2556,128.17,94.00,148.00
1215,111.40,649,2600,125.88,90.00,146.00
1236,113.63,656,2648,123.29,83.00,144.00
1255,115.61,649,2692,121.00,90.00,142.00
1275,117.84,650,2764,118.41,89.00,139.00
1295,119.68,664,2832,116.28,74.00,136.00
1315,121.79,669,2944,113.84,68.00,131.00
1336,123.89,659,3052,111.40,79.00,126.00
1355,126.00,657,3120,108.96,81.00,123.00
1375,127.97,675,3104,106.67,61.00,123.00
1395,130.07,656,2952,104.23,83.00,130.00
1416,132.18,661,3232,101.79,77.00,117.00
1436,134.28,663,3336,99.35,75.00,113.00
1456,136.26,682,3364,97.07,54.00,111.00
1476,138.36,665,3444,94.63,73.00,108.00
1496,140.33,666,3424,92.34,71.00,109.00
1516,142.44,665,3600,89.90,73.00,101.00
1537,144.54,676,3716,87.46,60.00,95.00
1556,146.51,669,3792,85.18,68.00,92.00
1576,148.49,680,3892,82.89,56.00,87.00
1596,150.59,672,4112,80.45,65.00,77.00
1616,152.69,673,4096,78.01,64.00,78.00
1637,154.67,672,4236,75.73,65.00,72.00
1657,156.77,675,4260,73.29,61.00,71.00
1677,158.88,679,4424,70.85,57.00,63.00
1697,160.85,688,4624,68.56,47.00,54.00
1717,162.82,679,4768,66.27,57.00,47.00
1737,165.06,694,4960,63.68,40.00,39.00
1757,167.03,693,5056,61.40,42.00,34.00
1777,169.27,680,5116,58.81,56.00,32.00
1798,171.24,687,5204,56.52,48.00,28.00
1818,173.34,686,5328,54.08,49.00,22.00
1839,175.45,683,5460,51.64,53.00,16.00
1858,177.29,702,5636,49.51,32.00,8.00
1879,179.39,689,5496,47.07,46.00,14.00
1898,181.37,687,5724,44.78,48.00,4.00
1919,183.47,689,5592,42.34,46.00,10.00
1938,185.31,691,5800,40.21,44.00,0.00
1958,187.42,687,5792,37.77,48.00,1.00
1978,189.52,691,5604,35.33,44.00,9.00
1998,191.36,693,5916,33.20,42.00,0.00
2018,193.33,686,5808,30.91,49.00,0.00
2038,195.31,701,5832,28.62,33.00,0.00
2058,197.28,698,5804,26.34,36.00,0.00
2078,199.25,709,5696,24.05,24.00,5.00
2098,201.36,689,6040,21.61,46.00,0.00
2119,203.33,693,6224,19.32,42.00,0.00
2138,205.43,700,6016,16.88,34.00,0.00
2158,207.54,686,5724,14.44,49.00,4.00
2179,209.64,686,5848,12.01,49.00,0.00
2198,211.62,695,6044,9.72,39.00,0.00
2219,213.72,694,5864,7.28,40.00,0.00
2238,215.69,699,5712,4.99,35.00,5.00
2258,217.66,685,5472,2.71,50.00,15.00
2278,219.77,687,5228,0.27,48.00,27.00
2297,221.87,682,5144,0.00,54.00,30.00
2318,223.71,697,5528,0.00,37.00,13.00
2338,225.82,693,5672,0.00,42.00,6.00
2358,227.92,685,5648,0.00,50.00,7.00
2378,230.03,690,5616,0.00,45.00,9.00
2398,232.00,690,5728,0.00,45.00,4.00
2418,234.24,690,5932,0.00,45.00,0.00
2438,236.21,699,5960,0.00,35.00,0.00
2458,238.31,690,6040,0.00,45.00,0.00
