Time,S2_Raw,S3_Raw,S4_Raw,Chord3,Diameter
74,1116,960,1176,0,0.00
104,1108,972,1164,0,0.00
134,1152,1020,1184,0,0.00
165,1188,1228,1232,0,0.00
195,1376,1820,1372,0,0.00
227,1708,2284,1792,0,0.00
259,2172,2440,2440,0,0.00
288,2432,2480,2760,0,0.00
318,2592,2416,2880,0,0.00
349,2600,2400,2716,0,0.00
378,2372,2312,2424,0,0.00
407,1864,2024,1948,0,0.00
435,1344,1456,1520,0,0.00
464,1144,1032,1188,27,30.40
494,1096,948,1124,0,0.00
524,1092,936,1152,0,0.00
555,1088,976,1116,0,0.00
584,1100,1060,1140,0,0.00
615,1284,1448,1208,0,0.00
646,1660,2108,1524,0,0.00
677,2248,2304,2140,0,0.00
709,2628,2476,2704,0,0.00
739,2720,2544,2976,0,0.00
770,2732,2468,2900,0,0.00
799,2712,2456,2732,0,0.00
828,2628,2360,2316,0,0.00
858,2128,1996,1796,0,0.00
886,1468,1396,1416,0,0.00
916,1172,1060,1216,31,32.47
945,1144,984,1176,0,0.00
975,1144,992,1184,0,0.00
1005,1148,1012,1160,0,0.00
1035,1320,1364,1208,0,0.00
1068,1832,2072,1428,0,0.00
1099,2552,2356,1976,0,0.00
1129,2668,2420,2560,0,0.00
1160,2780,2480,2776,0,0.00
1190,2756,2484,2840,0,0.00
1219,2772,2460,2776,0,0.00
1250,2712,2476,2680,0,0.00
1280,2616,2332,2272,0,0.00
1308,2312,1956,1776,0,0.00
1336,1500,1344,1320,0,0.00
1366,1096,956,1136,34,36.03
1395,1056,900,1100,0,0.00
1425,1092,984,1108,0,0.00
1456,1276,1284,1160,0,0.00
1487,1848,2040,1268,0,0.00
1519,2512,2348,1800,0,0.00
1550,2700,2424,2464,0,0.00
1581,2832,2512,2816,0,0.00
1610,2900,2540,2908,0,0.00
1640,2924,2528,2876,0,0.00
1671,2852,2568,2856,0,0.00
1700,2792,2468,2640,0,0.00
1730,2676,2420,2132,0,0.00
1759,2452,1940,1728,0,0.00
1787,1716,1348,1360,0,0.00
1816,1252,1004,1204,34,35.85
1846,1172,992,1176,0,0.00
1878,1372,1224,1188,0,0.00
1908,1880,1848,1276,0,0.00
1939,2548,2408,1584,0,0.00
1970,2720,2420,2160,0,0.00
2000,2728,2512,2744,0,0.00
2031,2724,2528,2924,0,0.00
2061,2832,2528,2928,0,0.00
2092,2824,2524,2996,0,0.00
2121,2884,2568,2932,0,0.00
2151,2908,2628,2680,0,0.00
2181,2892,2500,2148,0,0.00
2209,2600,1968,1676,0,0.00
2237,1824,1380,1408,0,0.00
2266,1292,1040,1216,37,40.02
2297,1352,1156,1204,0,0.00
2328,1908,1760,1272,0,0.00
2359,2616,2304,1480,0,0.00
2391,2816,2420,2032,0,0.00
2421,2904,2616,2644,0,0.00
2451,3004,2712,2972,0,0.00
2483,2992,2732,3192,0,0.00
2512,3024,2756,3232,0,0.00
2542,3000,2632,3148,0,0.00
2572,2948,2576,2948,0,0.00
2603,2856,2512,2492,0,0.00
2631,2800,2352,1952,0,0.00
2660,2532,1812,1540,0,0.00
2689,1844,1260,1216,37,43.00
2717,1260,980,1172,0,0.00
2747,1096,928,1136,0,0.00
2777,1084,928,1120,0,0.00
2807,1080,932,1112,0,0.00
2837,1104,940,1128,0,0.00
2867,1080,944,1148,0,0.00
2897,1072,952,1188,0,0.00
2927,1116,948,1128,0,0.00
2957,1092,960,1156,0,0.00
2988,1092,936,1132,0,0.00
3017,1096,944,1132,0,0.00
3047,1116,952,1144,0,0.00

