Time(ms),Pos(mm),Raw_ADC,Raw_Dig,Gray_True,Gray_ADC,Gray_Dig

73,0.00,594,952,255.00,92.00,221.00

92,0.26,529,952,254.70,112.00,221.00

112,0.79,539,960,254.09,109.00,221.00

132,1.84,531,976,252.87,111.00,220.00

152,3.16,544,988,251.34,107.00,220.00

172,4.73,533,972,249.51,111.00,220.00

192,6.31,527,952,247.68,112.00,221.00

213,8.15,528,960,245.55,112.00,221.00

233,10.00,534,948,243.41,110.00,221.00

253,12.10,527,956,240.98,112.00,221.00

274,14.07,532,964,238.69,111.00,221.00

293,16.18,545,996,236.25,107.00,219.00

313,18.15,542,1020,233.96,108.00,218.00

333,20.25,550,1044,231.52,105.00,217.00

354,22.23,554,1048,229.24,104.00,217.00

373,24.33,547,1060,226.80,106.00,216.00

394,26.30,550,1068,224.51,105.00,216.00

414,28.41,552,1096,222.07,105.00,215.00

433,30.38,562,1112,219.79,102.00,214.00

454,32.62,557,1132,217.19,103.00,213.00

474,34.59,560,1152,214.91,102.00,212.00

493,36.83,561,1172,212.32,102.00,211.00

513,38.80,569,1204,210.03,100.00,210.00

534,41.03,575,1256,207.44,98.00,207.00

555,43.14,586,1296,205.00,95.00,206.00

574,45.11,583,1336,202.71,96.00,204.00

593,47.22,585,1356,200.27,95.00,203.00

614,49.32,599,1400,197.83,91.00,201.00

634,51.56,593,1448,195.24,93.00,199.00

654,53.66,597,1476,192.80,91.00,197.00

674,55.76,598,1516,190.36,91.00,196.00

694,57.74,603,1560,188.08,90.00,194.00

714,59.84,617,1600,185.64,85.00,192.00

734,61.95,613,1668,183.20,87.00,189.00

754,64.05,621,1704,180.76,84.00,187.00

774,66.02,616,1728,178.47,86.00,186.00

794,68.13,620,1760,176.03,84.00,184.00

814,69.97,621,1796,173.90,84.00,183.00

834,72.07,625,1848,171.46,83.00,180.00

854,73.91,636,1896,169.33,80.00,178.00

874,76.02,638,1972,166.89,79.00,175.00

896,77.99,630,2020,164.60,81.00,173.00

914,79.96,633,2056,162.31,81.00,171.00

935,82.20,638,2104,159.72,79.00,169.00

955,84.17,639,2184,157.44,79.00,165.00

975,86.28,641,2260,155.00,78.00,162.00

995,88.25,646,2308,152.71,77.00,160.00

1015,90.35,656,2360,150.27,74.00,157.00

1035,92.33,659,2396,147.98,73.00,156.00

1055,94.43,658,2416,145.55,73.00,155.00

1075,96.27,660,2472,143.41,72.00,152.00

1095,98.38,662,2540,140.97,72.00,149.00

1115,100.48,660,2564,138.53,72.00,148.00

1135,102.45,667,2588,136.25,70.00,147.00

1155,104.56,657,2636,133.81,73.00,145.00

1175,106.66,658,2708,131.37,73.00,141.00

1196,108.77,669,2832,128.93,70.00,136.00

1215,110.87,664,2940,126.49,71.00,131.00

1236,112.98,661,2992,124.05,72.00,128.00

1256,114.82,665,2988,121.92,71.00,129.00

1275,116.92,662,2832,119.48,72.00,136.00

1296,119.03,677,3128,117.04,67.00,122.00

1316,121.13,667,3260,114.60,70.00,116.00

1336,123.23,668,3296,112.16,70.00,115.00

1356,125.34,672,3304,109.72,69.00,114.00

1376,127.31,681,3348,107.43,66.00,112.00

1396,129.42,685,3416,104.99,65.00,109.00

1416,131.52,676,3584,102.56,68.00,101.00

1436,133.62,686,3696,100.12,65.00,96.00

1456,135.73,685,3804,97.68,65.00,91.00

1476,137.83,691,3928,95.24,63.00,86.00

1496,139.81,683,4008,92.95,66.00,82.00

1516,141.91,693,4012,90.51,63.00,82.00

1537,144.15,684,4088,87.92,65.00,78.00

1557,146.12,693,4232,85.63,63.00,72.00

1578,147.96,696,4308,83.50,62.00,68.00

1597,150.06,687,4460,81.06,64.00,62.00

1617,152.04,712,4792,78.77,57.00,46.00

1637,154.01,698,4688,76.49,61.00,51.00

1657,156.25,688,4804,73.90,64.00,46.00

1677,158.09,705,5096,71.76,59.00,33.00

1698,160.19,693,5264,69.32,63.00,25.00

1718,162.16,707,5420,67.04,58.00,18.00

1738,164.14,708,5420,64.75,58.00,18.00

1758,166.24,693,5436,62.31,63.00,17.00

1778,168.35,694,5592,59.87,62.00,10.00

1798,170.19,709,5672,57.74,58.00,6.00

1818,172.03,696,5628,55.60,62.00,8.00

1839,174.13,705,5636,53.16,59.00,8.00

1858,176.24,696,5592,50.73,62.00,10.00

1879,178.34,694,5692,48.29,62.00,5.00

1898,180.31,697,5600,46.00,61.00,10.00

1919,182.15,706,5536,43.87,59.00,13.00

1938,184.13,698,5580,41.58,61.00,11.00

1958,186.23,695,5472,39.14,62.00,15.00

1978,188.07,696,5372,37.01,62.00,20.00

1998,190.18,697,5824,34.57,61.00,0.00

2018,192.28,711,5704,32.13,57.00,5.00

2038,194.25,695,5524,29.84,62.00,13.00

2058,196.23,694,5520,27.55,62.00,13.00

2078,198.46,703,5808,24.96,60.00,0.00

2098,200.30,713,5792,22.83,57.00,1.00

2118,202.54,695,5404,20.24,62.00,19.00

2138,204.51,691,5236,17.95,63.00,26.00

2157,206.49,705,4884,15.66,59.00,42.00

2178,208.46,688,4696,13.38,64.00,51.00

2197,210.56,699,4796,10.94,61.00,46.00

2219,212.67,696,5456,8.50,62.00,16.00

2238,214.64,707,5580,6.21,58.00,11.00

2258,216.74,692,5496,3.77,63.00,14.00

2278,218.72,695,5532,1.49,62.00,13.00

2298,220.82,707,5524,0.00,58.00,13.00

2318,222.79,709,5644,0.00,58.00,8.00

2338,224.90,695,5724,0.00,62.00,4.00

2358,227.00,695,5844,0.00,62.00,0.00

2378,229.11,696,5960,0.00,62.00,0.00

2398,231.08,713,6088,0.00,57.00,0.00

2418,233.18,708,5692,0.00,58.00,5.00

2438,235.29,712,5528,0.00,57.00,13.00

2458,237.39,706,5268,0.00,59.00,25.00
