Time,S2_Raw,S3_Raw,S4_Raw,Chord3,Diameter
74,1100,936,1156,0,0.00
104,1132,960,1148,0,0.00
134,1140,992,1184,0,0.00
164,1144,1096,1164,0,0.00
195,1292,1508,1240,0,0.00
226,1616,2136,1480,0,0.00
259,2060,2380,2140,0,0.00
288,2400,2400,2696,0,0.00
319,2600,2408,2816,0,0.00
349,2636,2336,2732,0,0.00
378,2476,2332,2464,0,0.00
407,1972,2172,2064,0,0.00
435,1440,1596,1592,0,0.00
464,1156,1100,1248,27,28.88
494,1100,968,1164,0,0.00
524,1108,928,1132,0,0.00
555,1108,924,1124,0,0.00
584,1096,1004,1152,0,0.00
615,1256,1276,1216,0,0.00
646,1648,2000,1376,0,0.00
677,2292,2356,1848,0,0.00
708,2672,2476,2440,0,0.00
739,2788,2540,2780,0,0.00
770,2812,2472,2824,0,0.00
798,2784,2440,2732,0,0.00
828,2772,2412,2392,0,0.00
858,2476,2176,1900,0,0.00
886,1680,1548,1512,0,0.00
915,1224,1072,1240,28,31.29
945,1132,984,1192,0,0.00
975,1160,972,1196,0,0.00
1005,1144,1004,1204,0,0.00
1035,1316,1260,1216,0,0.00
1068,1752,1956,1348,0,0.00
1098,2528,2328,1792,0,0.00
1129,2752,2424,2404,0,0.00
1160,2816,2504,2752,0,0.00
1190,2808,2508,2856,0,0.00
1220,2736,2440,2792,0,0.00
1250,2732,2460,2568,0,0.00
1280,2664,2484,2208,0,0.00
1308,2524,2008,1684,0,0.00
1336,1652,1368,1272,0,0.00
1366,1120,940,1096,31,34.40
1395,1088,912,1100,0,0.00
1425,1096,960,1112,0,0.00
1455,1292,1192,1124,0,0.00
1487,1920,1932,1256,0,0.00
1518,2568,2264,1608,0,0.00
1549,2760,2428,2204,0,0.00
1581,2872,2524,2640,0,0.00
1610,2888,2628,2884,0,0.00
1640,2912,2644,2984,0,0.00
1671,2928,2628,2924,0,0.00
1701,2844,2508,2704,0,0.00
1730,2744,2444,2256,0,0.00
1759,2560,2032,1804,0,0.00
1788,1880,1396,1380,0,0.00
1817,1260,1032,1228,33,35.11
1846,1172,988,1164,0,0.00
1877,1360,1204,1176,0,0.00
1908,1840,1848,1256,0,0.00
1939,2520,2288,1540,0,0.00
1970,2672,2388,2188,0,0.00
2001,2720,2508,2688,0,0.00
2031,2796,2484,2904,0,0.00
2061,2856,2524,2960,0,0.00
2092,2824,2512,2908,0,0.00
2121,2836,2496,2860,0,0.00
2151,2860,2560,2620,0,0.00
2181,2820,2484,2180,0,0.00
2209,2604,1980,1676,0,0.00
2237,1876,1324,1320,0,0.00
2266,1284,1052,1176,37,40.02
2297,1320,1124,1208,0,0.00
2328,1828,1692,1276,0,0.00
2359,2620,2260,1444,0,0.00
2391,2808,2432,1984,0,0.00
2421,2900,2604,2696,0,0.00
2452,2916,2692,3104,0,0.00
2483,3028,2776,3232,0,0.00
2513,3056,2812,3308,0,0.00
2543,3100,2668,3284,0,0.00
2572,2984,2632,3064,0,0.00
2603,2916,2632,2740,0,0.00
2631,2852,2468,2196,0,0.00
2660,2620,1980,1696,0,0.00
2690,1980,1360,1328,0,0.00
2717,1268,1004,1164,39,42.00
2747,1136,940,1148,0,0.00
2777,1088,932,1132,0,0.00
2807,1080,940,1144,0,0.00
2837,1096,936,1148,0,0.00
2867,1112,920,1116,0,0.00
2897,1080,952,1156,0,0.00
2927,1104,928,1156,0,0.00
2957,1092,936,1132,0,0.00
2988,1108,936,1148,0,0.00
3017,1100,944,1132,0,0.00
3047,1116,928,1144,0,0.00

