Time,S2_Raw,S3_Raw,S4_Raw,Chord3,Diameter
74,1088,940,1120,0,0.00
104,1092,976,1140,0,0.00
134,1156,1060,1144,0,0.00
165,1352,1376,1172,0,0.00
196,1688,1964,1268,0,0.00
227,2236,2248,1496,0,0.00
258,2608,2340,1828,0,0.00
288,2728,2420,2164,0,0.00
318,2780,2392,2228,0,0.00
348,2672,2440,2096,0,0.00
377,2592,2248,1732,0,0.00
406,2084,1708,1492,0,0.00
435,1424,1204,1220,26,29.52
464,1124,944,1140,0,0.00
494,1080,920,1112,0,0.00
524,1104,936,1124,0,0.00
555,1100,924,1124,0,0.00
584,1172,1032,1132,0,0.00
615,1520,1528,1188,0,0.00
647,2208,2112,1320,0,0.00
678,2568,2316,1684,0,0.00
708,2760,2516,2004,0,0.00
739,2888,2536,2204,0,0.00
769,2804,2508,2196,0,0.00
798,2788,2420,1948,0,0.00
827,2636,2188,1664,0,0.00
857,2232,1648,1364,0,0.00
886,1464,1132,1196,28,31.48
915,1140,976,1160,0,0.00
945,1132,960,1140,0,0.00
975,1112,972,1164,0,0.00
1005,1236,1052,1140,0,0.00
1036,1604,1432,1208,0,0.00
1068,2524,2036,1276,0,0.00
1098,2696,2288,1488,0,0.00
1128,2720,2380,1768,0,0.00
1159,2764,2420,1972,0,0.00
1189,2812,2404,2084,0,0.00
1219,2824,2388,2008,0,0.00
1248,2736,2388,1788,0,0.00
1279,2684,2084,1556,0,0.00
1307,2332,1524,1268,0,0.00
1336,1572,1044,1140,30,33.00
1366,1100,916,1100,0,0.00
1395,1092,904,1104,0,0.00
1425,1152,944,1096,0,0.00
1456,1532,1268,1164,0,0.00
1487,2364,1892,1232,0,0.00
1518,2652,2204,1304,0,0.00
1549,2748,2360,1632,0,0.00
1580,2840,2460,2052,0,0.00
1609,2940,2508,2196,0,0.00
1639,2940,2532,2220,0,0.00
1670,2944,2532,2032,0,0.00
1700,2816,2340,1780,0,0.00
1729,2720,2008,1516,0,0.00
1758,2332,1464,1292,0,0.00
1787,1648,1068,1192,30,36.00
1816,1184,960,1172,0,0.00
1846,1196,964,1180,0,0.00
1877,1532,1136,1156,0,0.00
1908,2384,1712,1192,0,0.00
1939,2644,2120,1260,0,0.00
1969,2652,2256,1388,0,0.00
2000,2744,2372,1620,0,0.00
2030,2864,2456,1848,0,0.00
2060,2892,2528,1920,0,0.00
2091,2868,2464,1828,0,0.00
2120,2892,2452,1708,0,0.00
2150,2936,2340,1528,0,0.00
2180,2832,1820,1368,0,0.00
2208,2428,1388,1252,0,0.00
2237,1760,1052,1200,33,39.00
2266,1292,1000,1188,0,0.00
2297,1488,1080,1196,0,0.00
2328,2300,1468,1228,0,0.00
2359,2732,1964,1292,0,0.00
2390,2768,2280,1352,0,0.00
2420,2840,2512,1540,0,0.00
2450,2984,2620,1896,0,0.00
2482,3060,2644,2144,0,0.00
2512,3200,2576,2156,0,0.00
2542,3108,2584,2076,0,0.00
2571,3016,2556,1840,0,0.00
2602,2940,2296,1620,0,0.00
2630,2808,1716,1328,0,0.00
2658,2392,1236,1208,33,43.00
2688,1656,1012,1140,0,0.00
2717,1172,932,1132,0,0.00
2747,1084,920,1136,0,0.00
2777,1064,908,1088,0,0.00
2807,1056,896,1072,0,0.00
2837,1068,896,1076,0,0.00
2867,1064,908,1076,0,0.00
2897,1064,912,1088,0,0.00
2927,1108,936,1132,0,0.00
2957,1104,940,1136,0,0.00
2988,1096,944,1128,0,0.00
3017,1096,920,1108,0,0.00
3047,1100,916,1132,0,0.00
